t=3
2
2
2
4
4
4
30
10
40
30
30
30
20
20
20
10
20
20
30
0
10
0
10
20
30
0
10
20
30
0
10
20
30
stages=3